0.708389930353888
0.327520837008822
2.38941245843007
-0.806743644111357
1.66825675420776
0.52220480458078
3.11598314271806
2.40232720533808
-1.16159700270212
-0.680419322001312
-1.68633725580947
-0.225354689593803
-2.97481220215987
-1.17708110836196
-0.804282528461991
-0.0549031614547618
0.579986693537807
-0.0768760130334619
-0.794023001775299
-0.230836030651795
2.23766506065746
1.0486877585615
1.51473300832287
2.37260643684612
0.921853448581622
1.3020308883383
1.27481939666312
1.1305078591842
1.01149710380112
0.862107221123102
-0.115945845837966
0.481182482827232
-0.429893156383165
0.399031959123406
-0.263943926750744
1.29599509903707
1.1753547788672
-0.377056311671628
1.06462225689535
-1.3104917854483
0.746151745472277
1.88834283360233
1.82855962184425
0.508988280038333
4.14907281516199
2.72808285760307
0.014496073686884
0.795022448031914
1.39727383761906
-0.72899275588215
-1.54565258264902
1.12722923097378
1.31950703380349
0.459586641944384
-0.0367401800767563
-1.70247716389689
1.98100422330472
-2.63002179539831
-1.22014112573597
1.29283994666177
0.414744846666399
-0.220077529217559
-1.23062259513587
-0.914135400894681
-0.585517981021165
-4.16330299174076
-0.0504348972345139
-2.20519536327415
-1.24173679936742
0.291932051297126
-0.0483041011336378
-0.930083013761649
1.55020414851097
-2.90310803653112
0.270925989756422
0.514897465751287
-0.349692577709668
-1.02575441701443
-1.33875349891232
-0.772496717895859
-0.471613118249122
0.10783611010027
0.92085148804088
2.36032091023295
2.82020325271195
1.77846844150032
1.30066191276016
2.25914075647439
-0.286541651791875
2.34038679269024
-4.45707393328733
-2.37216412558003
0.289685165213484
0.30513184564243
-0.698969097617103
2.06235794901198
-1.15954958750536
-2.52245889262038
-6.41757391121154
-1.21576547789958
3.05930823418843
2.02099796614398
-0.637956760992105
2.46746439385979
1.15552529770015
1.26566012770676
0.788448936897738
1.74136514082435
-2.15176152062935
1.83932478435697
2.82668950778892
1.29226538568999
2.12313497987657
1.16688242123811
1.92906431070685
2.29009538907892
1.70583841865633
1.21531381478873
-0.197741436675148
0.388597696394126
0.196363808871936
0.283526053546537
-1.79647532495714
-0.848701361105271
0.933748096271992
-0.37288028335574
1.33562361244702
-0.542182959083894
1.14516264429937
-0.119953600319161
0.920792214990892
-0.909373900868163
-1.5267781417238
2.09116410107479
-2.13514470014857
-1.47738129991401
-0.452458115466288
0.247854937043828
-2.51410732036571
0.060019560026298
1.93722596497869
1.46387062679664
-1.86931706439449
1.99309314400624
0.869397925285596
0.826157346595355
0.517041249643954
-0.801537643565646
2.12534814765729
0.178555919034549
-0.0105286610848264
-1.06727478069162
-0.776567013287656
1.58993695414591
-1.3315497885398
-0.152976007498477
-1.23272550304879
-0.944303001342439
-0.99687791534763
-0.975063383885357
-2.58595765980028
2.20691852770769
-0.473583836710323
-1.23015768333165
-0.871749055994589
-0.106803474028735
-1.67916990793448
0.625278400620514
-0.744020701002091
-0.553279254369229
0.988224366092426
1.45039778483048
-0.389375197161838
0.0831638353442411
3.35834356474517
1.45698482270824
-0.828998891213323
0.394498406251269
1.22460113337813
1.33413867700762
0.737980243341999
-0.533966523726996
-0.977236230498612
-0.976637146485757
-0.579512316106149
-0.761204572714774
1.11721269190305
0.73728857294164
2.05682101762578
2.98661303985001
-0.754262492356596
-0.0310503087064324
-2.47268062321103
-0.950601604410002
-0.581061756401611
-0.862719076119582
-1.42077676027763
-4.42705028867808
-2.9697558069059
0.254784917257065
1.87926036628189
2.12408466317186
2.05968393355683
2.2238550246019
1.20911293535857
1.46799079025943
1.34496635349773
0.123554458351561
1.17499269283225
2.67992894878972
0.583897376418778
-0.423604063929462
1.50884200025145
1.37120243354108
1.57207201626814
0.467188300133107
-0.705919537525933
-0.557177255122195
2.25118125253243
1.21296285924597
0.198638681404838
3.57626392926481
-2.01291193013411
-0.674021537221912
0.0491526232232364
1.85053078285702
-0.348471943852587
0.463536841020332
0.604063129563096
0.891912347810328
0.00251750059111955
-2.18673398483638
-0.541438711350784
-1.21225221474845
-1.30909654590577
-0.234072764788681
-1.45518798814642
-2.58441572354181
-0.248510071348521
-2.66580943728905
-1.48415649552628
-0.559954344992506
-2.0877771239387
-1.19921516807212
-0.905995083575749
-2.83362949275544
-1.53038755983056
-2.03727226928081
-2.57358643031765
-1.81832021567251
1.6216711164208
-0.246654151633242
-1.34591826093402
0.260614340920467
1.24339018586328
-0.409343516566847
-0.0134612982837351
-1.4333673549035
0.0901538837767188
-0.158708442728137
2.5924198528475
2.15435176129651
2.14239491222258
2.35678468941017
0.206315973021721
1.69436616978766
2.21341005822206
1.22297575442977
1.20206370454286
0.0512000541537033
1.73322683846645
-1.59621868926295
0.860650884248695
2.43907430280116
1.73158774763684
1.16323310334677
0.0832053851307333
2.21778396579447
3.21726093833419
0.268109555803077
-0.726201130432257
-0.491044386817852
1.43905084776344
-0.731898928679661
0.424048032825735
-0.325157974438076
1.62712793686264
1.75090491769509
1.57968937619676
1.18615685229525
-2.57700444425145
-1.01782301811854
0.920479645171145
0.645011209135068
-1.86461025269561
-1.7172507236548
1.31179119349361
-1.30671742492343
0.380856877573326
2.7000822210242
1.46614837027604
1.1760493641448
1.09190932858734
0.461235673958984
-1.434457687477
2.61820100355097
-0.798154468371699
2.0458796518597
1.50252027138012
-1.22301641582218
1.56403116693424
0.625275164695398
0.907403384331543
0.136554069794177
0.871077234210647
2.05454769296941
0.541179754181252
0.408705249238961
0.611177787900115
0.725382940797371
0.404453927908591
1.88664238814797
-1.61150340214749
-1.19453950857058
-0.516891544730862
-0.926711171112871
1.17493739119175
-1.59818248009725
-0.0305116780870774
-0.607563149363067
-1.37176708880081
1.18393554044213
1.72922430988168
3.25215524711576
1.71246327868328
0.89749358878539
-0.38563917111631
0.310220562307497
1.0417311973182
-2.5958988109908
2.47008772956263
1.99720315109495
2.23165921366541
2.83411888039696
1.92449998129476
1.75941657707161
1.3525572114111
1.90617847869534
1.17888372237191
0.489101397890693
0.565141479180287
1.86612284712263
-0.0884362575984622
-1.89685667961879
0.993611090293904
0.75453082594347
-0.967027843784241
2.82747370392298
0.571996505092023
-0.255779626748736
2.62846836369776
2.1536033099863
2.77851322245036
1.43408491437909
2.87504105523265
-0.578969187962453
2.87434061758884
-0.18828583463682
2.79908988619052
1.42471559742891
-0.0145684704065403
-0.676617085158426
0.432433250692407
0.173385328375583
1.60040475292946
-2.27601584199487
-0.645119912828053
2.4209906734973
-1.39298301966213
2.22912859114828
-0.858217876005918
-5.54085921102536
-0.192004102252417
-1.01642415893217
-1.75211130853397
-3.62634283954237
-2.56638968471303
-2.33574142995908
1.13596530383425
0.406286924502665
0.90073172271121
0.072107304171084
0.275578004114796
-0.206176858272293
2.95391581248766
1.43395882932091
0.352256980793201
1.29570236522429
2.60510885242102
0.552743728296925
3.24087154796082
0.894305154805243
1.63583881795735
0.553947333018721
1.34982583677135
1.80218889054197
-0.722580553160934
3.01265545274566
2.4755456662898
1.64865546466444
-1.20044812265788
1.29713468375677
1.46840360590098
0.647560389044191
2.12724134553705
1.06302966392689
1.41515066807623
-0.157803817900731
-1.28972279231656
-1.32232235877601
-2.87602317640294
-0.883628433152383
-1.20651108824788
-1.89330671619488
-2.41098640200976
-2.08482542794832
-1.30623440162983
-1.70981736930726
-1.22497135015565
0.0720539695593132
1.30916093445636
-2.68896886773479
0.468859614683706
-2.2062953165766
-1.17357606571881
2.83904314150021
-2.59966788863047
2.25105435135881
1.14464721128789
-0.963009174804609
1.76276025956523
0.400316630924616
1.7606146321486
1.65603281917767
0.880902717965525
0.436401564221887
2.43153296704026
0.492533898644197
0.870521029769549
-0.163628064770385
0.493185086252564
-0.725706264977494
0.29329638813586
1.27654443056297
1.56849945341236
-0.149665652930647
-0.275208126595868
0.803222318990905
0.408391723538803
2.31789378033437
-2.51141774455416
-0.514019992426863
-0.93810615981326
-0.382095586059731
-3.3815891990683
2.78112981863158
1.78063431399677
0.429452878488822
1.391400620657
1.37187198708785
-0.0963059931340844
0.869461978518016
-2.29670802019513
-1.02041831140574
-1.44034746847769
-2.86513751471685
-0.628331630391351
-2.62591370415169
-2.47576225965953
-2.16492837673656
-0.960905232944816
-1.59790562739901
-1.85015560948407
-2.51192738142264
-0.177739810171072
-0.409890163546767
-0.883151582249275
-1.029529346425
-0.472831518597015
-1.86463002792887
-0.753059282846728
-0.902748101507094
-2.1751634165925
-2.33675215520049
-1.00937803179859
-0.784837938544002
-5.56166014381019
0.0260975845301704
-3.60202010562422
-2.72643626497213
-1.18089652296806
1.09696720802894
1.5775859890347
1.51467056634468
1.80572152518237
-1.10565729824476
2.40327966338695
-0.671193587289664
-0.208249993266359
-0.596673886549707
-1.84313020772873
0.961077933501327
0.549812027261007
-1.27196023700883
0.185694751056036
-1.62139963046121
1.51383410714495
0.523717678195774
-1.29635481026048
1.09618012204773
1.46548748179713
3.92016298440047
-0.588312572402754
1.83520511392372
2.49144428859853
0.253717397789331
1.18434850048882
2.23639732353685
-0.955860881175455
2.64474810205878
-0.827275551231582
-3.36010294104727
-0.265925487851862
2.01213459181806
0.799808402947253
1.64971904519147
-0.97253226983689
0.280381900997801
-1.04773096001823
-0.555531515521171
-1.20629567849549
1.19912691965171
-1.52338208688873
0.432966412796552
-0.305410545731982
-0.788982349789399
-2.43027888164966
-0.421448681399652
-2.93452120613253
-1.0523398038398
1.18054748755292
2.25608013270963
-0.262180315572578
-0.424286802602974
0.969994902636506
0.186088736221413
-0.637745151307041
0.519933032923718
-1.00945741450497
1.37928738010212
-0.559534994995545
-0.328113002460203
-1.09840588816662
-0.782531364558899
0.0121310976207286
-1.35826118009721
-0.320512212935205
-0.629029960125786
-1.00375540153152
-1.33860939002939
1.03407662662262
1.4407928528191
0.655216437452146
2.74180050849268
1.74813780928205
-2.28079463692172
2.07188085644139
1.12395267883577
1.54983401714965
2.0258022177274
-0.189618463155502
-0.377114093741715
-2.8047271514013
0.410942231383305
-2.75634861705561
-1.24980396173791
-0.664304623657135
0.965163880487317
-0.936513541114338
-1.2696887331382
0.340404996324839
-1.16326184150389
-0.745808191195689
-1.54409593878764
-0.737256721512038
-1.72267809986388
-0.970515021549885
-3.32854202029017
-3.40042705900678
-2.58860599262001
-0.293677278754061
-0.108446684503655
-2.26148950269751
-0.46060631663885
-1.77034284684618
-1.42467977323095
-0.0950567509149595
-1.78554639161057
-1.0199035657593
0.267484322345425
-2.38962211784279
-2.78571019158451
0.799695845154065
0.213166714374883
-0.774002217045061
-1.03861721711653
0.012786270931038
-0.365123449305304
-0.264934938258786
0.905176358277616
1.45897589651733
2.35105714654465
1.59970408374505
1.47213221386361
2.47811557307352
1.80558176256612
3.17646240611859
0.676711832239848
3.15672809033659
2.99999222567642
2.56890368510723
1.55775954881517
-0.658815679350299
-2.18931064959794
1.15444323861176
0.442195082858012
2.06046926185971
-1.62419766513573
-0.0978013790476051
2.24501546592072
-0.646377467736279
3.11957381084679
0.829463761408829
2.09492335705303
-0.812843793753167
-1.25442421124445
2.53806733740654
0.608582667225426
0.644063187083124
0.43816385367878
-1.53577011027142
-0.671776362177754
0.27852249574176
2.11448840324783
1.66301096908336
0.401725857458629
2.50968332022565
0.753086707886929
1.07629784593847
2.7960671445252
-1.58590593568872
2.19135222673271
-1.87807001726424
0.41822313327372
1.07654680442974
1.16331185834796
-0.54811130665141
1.93200168111071
1.12824998371944
-0.277381669161907
1.88020401460192
1.79546389840543
-0.207801242691331
3.02031271182361
1.52757392242009
1.21935177430664
0.120761380668252
0.126549389802547
1.20075139019452
1.90586221466735
-1.76685383158012
1.46545360984564
-3.522098606771
-1.91841528147512
-1.83958142939878
2.21703768156198
1.88345799241913
-1.41777400199314
-0.317243110846198
1.02397637307524
-0.636063290507946
-1.12806066261197
1.58183651131566
0.199599534563805
-0.304963329994156
1.15442727617851
-1.48371784980142
1.56679706227624
0.379632557093732
1.48078322251401
-0.259247692051396
0.625218929537016
1.01990642625107
-0.815416799073323
-0.00195008201127006
2.96589602843318
2.6292005246637
1.72952799124716
2.21214977739766
1.22399087861615
-1.66882892423047
-0.881148205558568
-3.9976630252484
2.30599006549021
-2.08942373601719
-1.85559091552304
-2.77786444692709
-1.4541426209663
1.91654796859149
-0.511217845676418
0.6275369518686
-0.318796755154514
-1.20208428935427
-1.91524294256073
1.66320515643067
2.89489213895241
0.249438089546365
-1.62837789270841
-0.801883034905967
-0.32338377305714
3.74734720315125
1.61701022969538
2.48754814180904
0.845874543021765
1.87587755209385
2.73120246471945
1.5397806756383
1.87415123086136
0.436357680133164
2.05091399129613
-1.69775670623517
-0.989851572381382
-2.32552128385941
-2.11488916521622
-1.92580068740726
-2.05864636725986
-0.685911600119712
-1.06357388943048
-1.05863990479893
-0.98126429779441
-1.11861111533956
-0.890872304929568
1.83163009992363
0.938010906711029
-1.25214693824047
0.063348401205969
-0.625394639807587
-2.2060298926455
-1.97691044169466
1.17952562374095
2.66203569673955
-2.2771462800223
-0.627620796064074
-1.42932127756073
-0.882762560089369
2.06155047331945
-1.07780759258704
-1.21014376440011
-0.601049297559667
-3.23822029710366
-1.04011307231945
1.26641562907878
1.97924852133442
2.24156111707102
-0.711043360112842
1.99769798408393
2.44061188059723
-0.348175872556708
1.68146629852774
0.71922894806125
-3.11587498318383
-0.928522252159949
1.63179835594324
-0.746411934183916
-1.89915170111037
-0.805660134188009
-2.28007142461162
0.0167790208689014
-1.69674715784564
-3.46821047729844
-1.29255802554476
-2.98767587747727
0.211296203938019
0.0132666647725826
-0.995757204343972
2.42860073444579
3.26629305967841
1.9031434310878
-1.51120956086994
0.184481435463245
-1.61602067128323
-0.584384676334404
-0.174463577082521
-0.697531442904293
-2.86530342768257
-0.0663339520538854
-0.0377721372412074
-1.56267771343302
-0.769736754064338
1.23156045854983
-1.08043023251522
1.50588944140757
-0.360215024210411
-0.133992395833102
-2.93375514122329
-2.51918313836351
-0.834013821934358
1.33243137393126
1.88760958564969
0.515898326876884
-4.48934112284484
-1.10808533322648
-0.957343239399632
-1.27014610446105
-2.83200778018669
-0.0382630488431077
0.0674450382561751
-2.37625404472059
-1.63597906136855
0.211127376288406
0.43472677526273
0.456444550346892
-0.946901410477656
-0.184967473590435
-0.557214990871058
0.68460114078902
-1.45785869699541
0.192823244170133
0.805335342289211
1.12338771800609
0.326470044379774
-2.86682054925182
0.0736853302277967
-2.92357818660542
-0.853893339445486
-2.16268560272862
0.276421164538422
-1.74045364365144
-1.89217241182493
-0.32232802511825
0.110382201801212
0.630701036429053
1.82836119706851
3.44656674829093
-1.06388640422595
1.14983954716895
-1.65349377972173
-1.09902992190918
2.19011823767936
0.342074898424833
-2.35308204604727
-1.59275155163266
-0.454542713944414
-3.54216150130959
-2.22600697568795
-1.55998973802176
-2.29188423997271
-2.5072550386636
-2.89627644684446
-1.1268137124705
0.34656537664841
1.27581930033634
0.840978021068417
2.46944176954674
-1.37617820065308
-0.400802582638214
1.58406218296634
-2.11094785407919
-2.56089356432426
1.57863471418216
-0.116216308746331
0.387008072831186
2.19136767739361
0.392605374178707
2.45803433297242
2.21034669178182
0.106558549873954
-1.36876196285602
1.02225289232584
0.310692725627865
-0.53662034947347
-2.86713980962438
-0.211594496792927
-4.10466820066864
-0.780225509186743
-2.67791817083182
0.10525184574316
-1.09117353985005
-0.97536961668256
-2.01307509038719
-3.73664413397515
-1.53926720054582
-0.996373071106068
-1.286781158447
-0.409190647946741
-2.96053088049305
-3.63588413993667
-3.52439968644832
-4.24652496313371
-2.77766289203016
2.42764998565549
1.80958913629835
1.52638474289565
1.819119459986
2.28042823588989
1.33484990967803
0.87250826529874
2.00601037264631
0.79134702551469
2.35763843505883
0.426731313449753
-1.26155062844935
-3.49428733608726
-2.86147516694352
-1.1028290956052
1.59172271597923
-2.13739208335784
-3.5309387328936
2.77945952163274
-2.70042061541551
2.62604694080727
0.328499442045126
0.303791106096263
-1.70930703966683
2.41957383518595
0.827365797242634
2.11291813417869
0.64114768791534
2.79867513837531
0.963763876787765
1.76154613896686
0.747251879171911
2.15322655246192
1.23699318674063
0.490413185679099
-0.0436330001833808
-1.45026587066796
0.0716476111091214
2.09380657834177
2.56972015573144
2.97578534562204
2.52650043514372
2.3059373509662
2.18978383746797
2.53508554450953
1.60081472988706
2.16599288324192
2.4210109038961
1.43960145398435
0.395133240141861
0.557849711616689
1.09003243839112
-0.469242605850838
1.81409724752104
-0.0973577545488437
0.241485847170622
0.959759971036693
0.0397811137251775
-0.564650254527258
0.662592205141394
1.98771869179172
1.7125898770926
1.33605967857706
1.80096573775856
3.40978222847734
1.01735983088469
2.76202476371406
2.30620532265845
0.594792126309914
0.620308325396214
0.759592814627055
-1.01142719549937
2.3782036233307
2.83771651040365
0.355869494167285
1.93181742474692
2.13611452962592
-1.00191510473784
-0.371661391519355
0.566069134298476
0.68038753668448
0.853215200145539
0.723308654860976
2.03514799925864
0.152814982398622
1.88492857282567
0.586712496871337
0.0208438078963538
2.16952732650434
2.13455092830603
